% # columns="iteration, evaluation, sigma, axis ratio, bestever, best, median, worst objective function value, further objective values of best", seed=193394, Tue Feb 27 15:18:45 2024, <python>{}</python>
1 16 0.4755787935355008 1.000049231981085 -85.95003457534814 -8.5950034575348141e+01 -75.78009551064473 -70.34403630532692   
2 32 0.4577264972945356 1.0290814680130718 -91.40260896892778 -9.1402608968927780e+01 -81.54227164750954 -72.42758885351303   
3 48 0.44422631783740874 1.0375986156825918 -93.84805579713202 -9.3848055797132020e+01 -84.85982152256847 -72.06507690308364   
4 64 0.43435422432479565 1.042336135698583 -96.30140766111575 -9.6301407661115746e+01 -89.97076973301593 -76.56552507590192   
5 80 0.4267807339660421 1.0487319462385074 -100.50030775718159 -1.0050030775718159e+02 -91.2518903461177 -77.651613337694   
6 96 0.41953787123988334 1.057617188276928 -102.99013136097844 -1.0299013136097844e+02 -92.64200376717996 -82.00738706988362   
7 112 0.41340590697836394 1.0633782796909679 -104.75937970304639 -1.0475937970304639e+02 -96.05494792658263 -84.74213342346798   
8 128 0.41192223140728934 1.0733999614938583 -110.13241195387326 -1.1013241195387326e+02 -103.25913120144082 -90.91487979739368   
9 144 0.4116951983630798 1.0799165413204646 -123.07767802552905 -1.2307767802552905e+02 -105.2992117668475 -96.86446855283509   
10 160 0.41310458591123567 1.0903643873962803 -123.07767802552905 -1.2213463654681300e+02 -110.5221093814988 -93.17047247307082   
11 176 0.4147839942580246 1.1005046772741738 -123.07767802552905 -1.2126984423431914e+02 -110.93710292244661 -103.64556641025187   
12 192 0.4179775753391184 1.1119193297188472 -123.12539655486614 -1.2312539655486614e+02 -111.25511219211447 -103.06693916041164   
13 208 0.42462087738878285 1.122093925516781 -129.8127245761951 -1.2981272457619511e+02 -113.983486734749 -107.82114173813288   
14 224 0.42826939329615255 1.137408707225996 -129.8127245761951 -1.2684171498697934e+02 -123.3573194630323 -111.23086366030756   
15 240 0.4332329872658933 1.1489383367679775 -129.8127245761951 -1.2803618602456206e+02 -119.27749060167349 -109.92316541236782   
16 256 0.43660283079068357 1.1638794576515905 -131.61525019883004 -1.3161525019883004e+02 -125.7033415896245 -112.61564649688458   
17 272 0.441384354392386 1.1775879610202087 -132.58846147203894 -1.3258846147203894e+02 -121.49812352107381 -112.98496557503151   
18 288 0.44521103914585985 1.1933250691577424 -132.58846147203894 -1.2896698246510175e+02 -119.86582810029402 -106.6033510271265   
19 304 0.4478648672750045 1.2062314032222594 -132.58846147203894 -1.2995151486783575e+02 -120.93257430334808 -111.05443542937074   
20 320 0.45350017900974865 1.2185177157587392 -145.02565103001848 -1.4502565103001848e+02 -117.19095191031198 -111.11552181803307   
21 336 0.45850194853768433 1.232535116756111 -145.02565103001848 -1.2956677821406112e+02 -121.09496767645619 -109.48742295776017   
22 352 0.4620603150721218 1.2460408823647968 -145.02565103001848 -1.2828921730600766e+02 -123.99607512714888 -118.17928023892078   
23 368 0.4598015026144929 1.2606790709139288 -145.02565103001848 -1.3610964054502352e+02 -125.09843676558033 -114.0670807836343   
24 384 0.45793755968400407 1.2699103318911074 -145.02565103001848 -1.3578427240557124e+02 -126.6397599861653 -116.85107619670586   
25 400 0.4597369948093549 1.279196555835715 -145.02565103001848 -1.3105922426706110e+02 -125.67785215509205 -119.42764137813178   
26 416 0.4602260595512148 1.2902907272893724 -145.02565103001848 -1.3908854466446556e+02 -124.64039097256413 -109.27580627926771   
27 432 0.461109174730433 1.302043976983312 -145.02565103001848 -1.3700422300433766e+02 -125.08091013487373 -114.8035290519893   
28 448 0.45995876701162275 1.3136349541830654 -145.02565103001848 -1.4198679480832416e+02 -126.93896089204021 -114.75760453260096   
29 464 0.45422251465611496 1.3243142821350238 -145.02565103001848 -1.4038083098831478e+02 -129.4686756915625 -123.35799386448892   
30 480 0.44510847459651054 1.330866715366737 -145.02565103001848 -1.4394502593175756e+02 -129.33004490857502 -122.5147330210788   
31 496 0.4335264351419747 1.3373464541800153 -145.02565103001848 -1.4331677512412156e+02 -133.54788970538254 -119.42445325555732   
32 512 0.42567200509740816 1.3422470773357829 -145.02565103001848 -1.4467451034362887e+02 -134.2133057546435 -126.45676086592232   
33 528 0.4202283383673565 1.3465684748906979 -145.02565103001848 -1.4436003093561260e+02 -134.55741622913928 -127.64012439130742   
34 544 0.4130671140438705 1.3494362364047912 -151.30042756105715 -1.5130042756105715e+02 -134.45582647369557 -120.39738474376028   
35 560 0.408197989045507 1.3562273260493247 -151.30042756105715 -1.4499389479974076e+02 -138.09822733470534 -128.74947267222026   
36 576 0.4028223081698105 1.3590970080927152 -151.30042756105715 -1.4743167992584176e+02 -135.49602558935564 -126.57251469973727   
37 592 0.3992045023195378 1.361014503952871 -151.30042756105715 -1.4680595960656208e+02 -134.53847028359422 -125.91810034231446   
38 608 0.3964532395227758 1.366989579715149 -151.30042756105715 -1.4645952388506515e+02 -137.83788852189235 -128.1501784489873   
39 624 0.3921262287211732 1.3711849918158332 -151.30042756105715 -1.4983869666300205e+02 -137.47294650889776 -131.4150783979728   
40 640 0.3848371736593116 1.3735570758366957 -151.30042756105715 -1.4804942832807924e+02 -137.65373050572836 -130.36783908457994   
41 656 0.3770546861829915 1.377415914835586 -151.30042756105715 -1.5005841112487187e+02 -138.59656327396578 -129.98912029243516   
42 672 0.36880858004682815 1.383377786366671 -151.30042756105715 -1.4934426242540098e+02 -140.9182015251981 -129.94692259128786   
43 688 0.3651663500676987 1.3857465735496475 -151.30042756105715 -1.4802928389372437e+02 -140.8024123891905 -131.14144143671012   
44 704 0.36220877170929633 1.3877651329223541 -151.30042756105715 -1.5070613872197106e+02 -141.81893338994882 -134.22703156706473   
45 720 0.3604510848220135 1.3907920483829035 -153.48260911909423 -1.5348260911909423e+02 -142.46135636425353 -135.12187602089156   
46 736 0.3604080654515057 1.3912258244850235 -153.48260911909423 -1.5268427710937038e+02 -144.3580316674248 -133.6124540868031   
47 752 0.36224604899993096 1.3943947092222584 -153.48260911909423 -1.4979673752292206e+02 -142.86583440005575 -128.96144838561392   
48 768 0.3616374423270742 1.403084849447383 -155.13991308234267 -1.5513991308234267e+02 -143.73680694949553 -126.24873312647782   
49 784 0.35872187479212075 1.4087098764105246 -159.13292211847957 -1.5913292211847957e+02 -144.72345132314211 -134.07711884109472   
50 800 0.35777273150502725 1.4099700845283065 -159.13292211847957 -1.5576054094582295e+02 -147.12550602599728 -135.92060150529534   
51 816 0.3591476293968743 1.4184080919571558 -159.13292211847957 -1.5416067517694864e+02 -146.4153860836819 -135.01158710809509   
52 832 0.3598753617902876 1.4223416549798191 -159.13292211847957 -1.5504369353675540e+02 -148.0193005332926 -140.33870253283197   
53 848 0.3600657282203388 1.4254963870567192 -159.13292211847957 -1.5430551332727086e+02 -147.61745175599606 -134.70814050124685   
54 864 0.36163823520596344 1.4289306057583286 -159.13292211847957 -1.5557522604893290e+02 -147.4560272842866 -137.597911910825   
55 880 0.3613042140350395 1.4335356496622973 -161.46784048234537 -1.6146784048234537e+02 -144.95202441564047 -137.82512815499092   
56 896 0.3598432317352553 1.4368910218028728 -161.46784048234537 -1.6021545758346991e+02 -147.90906664435823 -137.13425780322297   
57 912 0.355844818091106 1.4395983627492266 -161.46784048234537 -1.5960099889163831e+02 -150.30397849111753 -135.19338042645597   
58 928 0.3512406693921624 1.4434418957388855 -161.46784048234537 -1.5723832334405711e+02 -151.83816687825896 -142.4890221541328   
59 944 0.34560899148591606 1.4454069404019008 -161.46784048234537 -1.6072257738295542e+02 -151.078120768775 -143.64128752600718   
60 960 0.33921174000184606 1.4505501293128822 -161.46784048234537 -1.5416051646023442e+02 -148.30466761960136 -140.97334315355758   
61 976 0.3339030714966238 1.452112577395007 -161.46784048234537 -1.5589140659073490e+02 -148.08859803252554 -138.2980293283021   
62 992 0.32862965612294126 1.4553543015612018 -161.46784048234537 -1.6003356888771609e+02 -150.61066455503374 -146.6294186641643   
63 1008 0.32195138454303174 1.4556935580397454 -161.46784048234537 -1.5974310188106543e+02 -151.8470280437738 -139.69685264197284   
64 1024 0.31679659910600255 1.4568732723659883 -170.7788938358974 -1.7077889383589741e+02 -154.57995776436135 -142.0788561665781   
65 1040 0.31027134240299853 1.45765858491571 -170.7788938358974 -1.6595635296067422e+02 -158.32897180205768 -151.2074892086787   
66 1056 0.30320900218173 1.458729562863766 -170.7788938358974 -1.6719279468848643e+02 -158.82308147186947 -148.82522414084406   
67 1072 0.29761589036739117 1.4589746036196645 -170.7788938358974 -1.6995124134800193e+02 -158.9335128843575 -155.31843088804015   
68 1088 0.29373451062858313 1.4597701350874512 -172.13652879420619 -1.7213652879420619e+02 -157.44927097811856 -150.77077872177023   
69 1104 0.29009894841995404 1.4618987052755261 -172.13652879420619 -1.6779494419149898e+02 -162.45233454093463 -154.3734408953378   
70 1120 0.2875192617194761 1.461745622879438 -172.13652879420619 -1.6575958538243415e+02 -160.77402473320413 -152.71373394432317   
71 1136 0.2848942896932344 1.4653392200243303 -172.13652879420619 -1.6748042626364386e+02 -160.47703217747215 -151.69974154839338   
72 1152 0.27988367927798435 1.4640241547611386 -172.13652879420619 -1.6445316607802033e+02 -159.03982857389124 -150.75489154755874   
73 1168 0.2756745572223186 1.4643708667769852 -172.13652879420619 -1.6535727581445340e+02 -159.89083470385816 -155.51183690909733   
74 1184 0.2699235406462548 1.465098187381726 -172.13652879420619 -1.6669725759875635e+02 -161.11770905932076 -155.24100819212785   
75 1200 0.26327234631890806 1.4666967744833626 -172.13652879420619 -1.7006965646728636e+02 -162.38928433742527 -154.5198107141818   
76 1216 0.2571886526095989 1.468384191337372 -172.13652879420619 -1.6879016884189045e+02 -161.56911724420368 -157.77851647008728   
77 1232 0.251685030127427 1.470172554184527 -172.13652879420619 -1.6926555168124992e+02 -160.96358515324872 -153.0094503184878   
78 1248 0.2443311874192522 1.4689342336818458 -172.34784146628704 -1.7234784146628704e+02 -165.0134803747634 -158.11162866967442   
79 1264 0.23583730820487903 1.4688965306279247 -173.41488015179922 -1.7341488015179922e+02 -166.9019868309878 -160.04621003003777   
80 1280 0.22898913753964337 1.4713426221640056 -173.8516157756203 -1.7385161577562030e+02 -167.47776741837168 -162.8762799567801   
81 1296 0.22336620482718883 1.4731065791382805 -173.8516157756203 -1.7333267361826324e+02 -167.3840732506752 -164.22685933959903   
82 1312 0.21858577841772622 1.4717863784044607 -175.93045345264088 -1.7593045345264088e+02 -169.45405209171037 -162.47584715819866   
83 1328 0.21287419230414711 1.4730160907241008 -175.93045345264088 -1.7431641150643878e+02 -170.0755540810911 -165.76273740647517   
84 1344 0.20697755261272166 1.47442158799282 -176.92915075851374 -1.7692915075851374e+02 -168.94640941307026 -164.66154757719855   
85 1360 0.202184378040475 1.4724698178066327 -178.9108891294951 -1.7891088912949510e+02 -172.755292688419 -167.70845200093467   
86 1376 0.19845824468452006 1.4740911826825591 -178.9108891294951 -1.7830460416565455e+02 -173.60787661917814 -165.68345711270783   
87 1392 0.19468324967769443 1.4756880738846838 -181.29491526240326 -1.8129491526240326e+02 -174.1468598132567 -167.45097545817194   
88 1408 0.18997518500543792 1.4767572876830355 -182.1511097417143 -1.8215110974171429e+02 -176.37028448895313 -172.5012157280711   
89 1424 0.1862836981217361 1.4776359090874738 -182.1511097417143 -1.8026901623351924e+02 -176.37332452903644 -170.89147959872892   
90 1440 0.18384303793595919 1.4772347226406277 -182.1511097417143 -1.8012023366352480e+02 -175.76147511393154 -172.03529857396936   
91 1456 0.18131511373716372 1.4786283570668763 -182.1511097417143 -1.8007561383589638e+02 -178.13428384397517 -167.11766422317126   
92 1472 0.17964206447605496 1.4771879872299836 -182.1511097417143 -1.7997401753907786e+02 -176.6239796941436 -173.0668095045311   
93 1488 0.17716353534744106 1.4769336783198659 -183.76284529462825 -1.8376284529462825e+02 -176.7757025661743 -171.43056294080517   
94 1504 0.17439435142855764 1.4815542830930024 -185.07619128080415 -1.8507619128080415e+02 -179.27474526967677 -169.83751538133797   
95 1520 0.17212865630042742 1.4847591294944664 -185.96389322278375 -1.8596389322278375e+02 -180.19226812683246 -174.73100064318214   
96 1536 0.16953817667396912 1.4841456024742503 -185.96389322278375 -1.8529572681398457e+02 -180.8779459822691 -174.7117348707782   
97 1552 0.16596742844427972 1.4829471867380388 -185.9846304480142 -1.8598463044801420e+02 -183.8725966604659 -177.15821625665092   
98 1568 0.1633695748493692 1.4819557829655876 -188.52437722485882 -1.8852437722485882e+02 -183.6522113497967 -180.94487917974624   
99 1584 0.16199489250292406 1.4822308902460244 -190.4689876151845 -1.9046898761518449e+02 -184.26151502005905 -181.32902778627079   
100 1600 0.1612590382606114 1.4806205115268798 -190.4689876151845 -1.8865933327573555e+02 -184.45978999050348 -180.32377489467075   
101 1616 0.15882600957343773 1.4804968006885495 -190.4689876151845 -1.8820148290190804e+02 -183.080749237453 -179.42746949513867   
102 1632 0.15713518624108058 1.4805959923475474 -190.4689876151845 -1.8883251331695283e+02 -184.46351185355195 -179.54728082930345   
103 1648 0.15479676097148767 1.4807059961673859 -190.4689876151845 -1.8768467194274393e+02 -183.4076025251262 -178.86393941222116   
104 1664 0.15179866536181982 1.483149319783706 -190.4689876151845 -1.8642645744277664e+02 -183.40803600433586 -178.1326591251209   
105 1680 0.14900795799958064 1.4836102393398836 -190.4689876151845 -1.8740334703460991e+02 -183.60520774233842 -179.47801760451836   
106 1696 0.1465959522726729 1.483069820597191 -190.4689876151845 -1.8808713401354552e+02 -185.26404985954787 -180.62755711396525   
107 1712 0.14374346152724646 1.4828634604196902 -190.4689876151845 -1.8945271296491032e+02 -185.18075374533785 -180.78768570655834   
108 1728 0.14114363940313376 1.4818215625822677 -190.72760737229746 -1.9072760737229746e+02 -185.10570229534693 -183.0538905547377   
109 1744 0.1383727677113438 1.482440241115987 -191.10742065539583 -1.9110742065539583e+02 -186.97943617477682 -183.518471700339   
110 1760 0.13665079138205977 1.4826077900638088 -191.10742065539583 -1.9062446601491772e+02 -188.24443029311436 -183.45093900473583   
111 1776 0.1345003405442755 1.4835476862466002 -191.10742065539583 -1.9028255308198356e+02 -187.09577970184137 -184.88798390489248   
112 1792 0.132334117339734 1.4837951435455994 -191.50115558100998 -1.9150115558100998e+02 -187.50900289461262 -184.50404765170245   
113 1808 0.13029601979128447 1.4836299869815397 -191.50115558100998 -1.9078956794885900e+02 -186.81303164379474 -182.82789443335244   
114 1824 0.12734704702004798 1.4819223759053382 -191.50115558100998 -1.9059503781243438e+02 -187.72442328260848 -186.53603666998245   
115 1840 0.12438104404967161 1.4837763433049107 -191.50115558100998 -1.9072437901778451e+02 -187.4541593269082 -185.90083639079938   
116 1856 0.12161180140753639 1.484361039474726 -191.50115558100998 -1.9115345679097931e+02 -189.6141063668421 -186.5023122711955   
117 1872 0.11905584716573726 1.4824154049132767 -192.78655276917027 -1.9278655276917027e+02 -189.18399111321935 -187.62933006722108   
118 1888 0.11672213885261844 1.4801142816517516 -192.78655276917027 -1.9193164776249577e+02 -189.7225272768104 -185.41025097484626   
119 1904 0.11438685643368168 1.4797440991187738 -192.78655276917027 -1.9142749228289097e+02 -189.6921155139461 -186.2694154639912   
120 1920 0.11263105656396516 1.4806932170260931 -192.78655276917027 -1.9209927371524122e+02 -189.98917309739622 -186.37644852997732   
121 1936 0.11054670161194846 1.4816537245546986 -192.78655276917027 -1.9188075934786306e+02 -189.72258527993566 -187.63528866550993   
122 1952 0.10843547464222876 1.482769474859201 -193.1956412726055 -1.9319564127260551e+02 -190.57883555760324 -186.7045413051293   
123 1968 0.1059767396811104 1.4825549540626664 -193.523654694971 -1.9352365469497099e+02 -190.6390948545073 -188.84608790578852   
124 1984 0.1038142800675184 1.4869811765027476 -193.6134771178039 -1.9361347711780391e+02 -191.75178543763948 -189.1740518175356   
125 2000 0.10197336861133866 1.4874101961932376 -193.6134771178039 -1.9344734578605281e+02 -191.59290093900051 -188.87088427553934   
126 2016 0.09947261623191293 1.4845922984843045 -195.18889968947127 -1.9518889968947127e+02 -191.43456109623637 -189.0725078552517   
127 2032 0.09760637121660527 1.4869314410797072 -195.18889968947127 -1.9389130083010880e+02 -192.14396957524926 -190.34575981878564   
128 2048 0.09536210730895381 1.489055930911953 -195.50713846463063 -1.9550713846463063e+02 -192.4591357522678 -191.672823392757   
129 2064 0.09276252684770421 1.4907656374757097 -196.51990190349528 -1.9651990190349528e+02 -193.57072611268117 -191.176722441957   
130 2080 0.09053077157310803 1.489978177521499 -196.78977774708565 -1.9678977774708565e+02 -194.81690978953645 -193.16432674673084   
131 2096 0.08808292394188452 1.4918894507198068 -197.30105745550563 -1.9730105745550563e+02 -195.4019620909121 -194.31149332690183   
132 2112 0.0859515774604604 1.4932165716502097 -197.38060352177928 -1.9738060352177928e+02 -196.20574278853434 -193.0040692657964   
133 2128 0.08380384162484059 1.491587220211227 -197.38511422470586 -1.9738511422470586e+02 -196.10571385495538 -194.25178181730345   
134 2144 0.0823283187130674 1.4931056303761836 -198.8163898779788 -1.9881638987797879e+02 -196.35884834338214 -194.63427529081494   
135 2160 0.08084221803680695 1.4947442020727675 -198.8163898779788 -1.9871707882874969e+02 -196.9344716450567 -195.25574724740702   
136 2176 0.07962549035146561 1.4955537453717098 -199.65502745268537 -1.9965502745268537e+02 -197.55092953958507 -195.56076379449098   
137 2192 0.07827484544109507 1.493102291749281 -199.98404961279638 -1.9998404961279638e+02 -197.83600904610074 -195.72864636833043   
138 2208 0.07654304781916793 1.494663842462663 -200.11075903722718 -2.0011075903722718e+02 -198.05917670765092 -195.94393159700084   
139 2224 0.07530353683534098 1.494898097016965 -200.11075903722718 -1.9990971401813613e+02 -198.58654174996437 -197.4799957850652   
140 2240 0.07420157693699436 1.4939797372787562 -200.67173356269734 -2.0067173356269734e+02 -198.66377266703972 -197.47378280844546   
141 2256 0.07330847415334717 1.4943755806674308 -200.82386483387202 -2.0082386483387202e+02 -198.7719106167495 -196.69364982848802   
142 2272 0.07256034280741379 1.4946389247514755 -200.95802787076417 -2.0095802787076417e+02 -199.87778605910674 -198.39990494927773   
143 2288 0.07138869357322258 1.493115538273719 -201.140037857599 -2.0114003785759900e+02 -199.8531748858594 -198.42504094551663   
144 2304 0.07027215505625176 1.494181778630405 -201.140037857599 -2.0074124241930340e+02 -199.67048056194372 -198.86228360673576   
145 2320 0.06921893943143337 1.4955743159179555 -201.140037857599 -2.0055825664531068e+02 -199.91747121318048 -198.79913175222288   
146 2336 0.06820555156247 1.496340166365039 -201.140037857599 -2.0059601243402113e+02 -199.44309136558067 -198.05008878095512   
147 2352 0.06743507738392715 1.4959507012961275 -201.140037857599 -2.0107094925518564e+02 -199.52354042718164 -198.31752959794133   
148 2368 0.06639948576322706 1.4968030912045802 -201.140037857599 -2.0107221429166546e+02 -200.114676546858 -198.51133615618252   
149 2384 0.06503599618407416 1.4987101180364146 -201.3107052739 -2.0131070527390000e+02 -200.32905387650067 -198.44286060286365   
150 2400 0.06350223555378126 1.4977707344308933 -201.43981428665415 -2.0143981428665415e+02 -200.546507256079 -198.89126188069784   
151 2416 0.061978685184244514 1.4985072897690745 -201.64699289034004 -2.0164699289034004e+02 -200.77782485020165 -198.69021512018105   
152 2432 0.060245364438169705 1.4973130383563682 -201.7425405221115 -2.0174254052211151e+02 -200.7327379475574 -200.0847734945895   
153 2448 0.05899621015328538 1.4974172451079115 -202.07432295795422 -2.0207432295795422e+02 -201.02484398596388 -200.31435281107406   
154 2464 0.05816885555854735 1.495463912014266 -202.64049539697976 -2.0264049539697976e+02 -201.26678429336786 -200.04938592650552   
155 2480 0.057186455391781084 1.496014751976085 -203.1843980140145 -2.0318439801401450e+02 -201.56716400035896 -200.987782766366   
156 2496 0.05632355738136205 1.497878909011614 -203.1843980140145 -2.0283290924954463e+02 -202.3578169399568 -200.530863968225   
157 2512 0.0554161974207904 1.498756909634962 -203.1843980140145 -2.0305394445447101e+02 -201.89823704227564 -201.35700789343977   
158 2528 0.05470569645963236 1.5001502749825604 -203.21490006795992 -2.0321490006795992e+02 -201.9758288084245 -201.17603887263755   
159 2544 0.05426259118217428 1.5010582744288747 -203.21490006795992 -2.0301078065813309e+02 -202.42245683256434 -201.82823361271653   
160 2560 0.053702683478838005 1.50320173221162 -203.21490006795992 -2.0277964752009541e+02 -202.13593463062807 -201.61883399369833   
161 2576 0.05332987453974994 1.5066575899519887 -203.21490006795992 -2.0306353917850745e+02 -202.0941467458257 -201.66315124886017   
162 2592 0.052973568800368964 1.5069144554775937 -203.21490006795992 -2.0299404577633234e+02 -202.26119779829074 -201.45123431393762   
163 2608 0.052388852525728176 1.5096117500993615 -203.26119263236004 -2.0326119263236004e+02 -202.44921592082497 -201.46126173555842   
164 2624 0.051438428405872295 1.5102098252536242 -203.66212121139142 -2.0366212121139142e+02 -202.37350262052752 -201.81849861298716   
165 2640 0.05066512859859235 1.5113991055257805 -203.66212121139142 -2.0357709262874462e+02 -202.59417591949395 -202.2833857402217   
166 2656 0.049914396899570446 1.5118131505647658 -203.66212121139142 -2.0346915622316848e+02 -203.06848679339777 -202.30943237706333   
167 2672 0.049233421245082905 1.5112220539860395 -203.71061105359414 -2.0371061105359414e+02 -203.34338586689975 -202.36100313680777   
168 2688 0.04859007937883655 1.5117522875696598 -204.0053523381268 -2.0400535233812681e+02 -203.14429760942969 -202.24100968008392   
169 2704 0.04751583760059184 1.5110795087746287 -204.0053523381268 -2.0395758703288192e+02 -203.5022104927041 -202.514648947174   
170 2720 0.04612278316396947 1.5096756222785979 -204.1052224125945 -2.0410522241259449e+02 -203.53855232549736 -203.08942683757218   
171 2736 0.04505762243006299 1.5070898327923319 -204.39487265434857 -2.0439487265434857e+02 -203.53375188675207 -203.1736429960032   
172 2752 0.043561861281966145 1.5067261263876146 -204.65204811258346 -2.0465204811258346e+02 -203.9555700363289 -203.47537363017065   
173 2768 0.042400650381546556 1.5056158381518336 -204.65204811258346 -2.0441543133180528e+02 -203.95422997049965 -203.66208106762625   
174 2784 0.041453019366965625 1.5046314442146191 -204.65204811258346 -2.0456012253333427e+02 -204.0485431783536 -203.55014690556905   
175 2800 0.04042046914939295 1.5053596896976087 -204.65204811258346 -2.0457615768999941e+02 -203.90399287147838 -203.8223631124273   
176 2816 0.03944907598972418 1.503430583852364 -204.65204811258346 -2.0448433207600561e+02 -204.09262822837897 -203.51444780195158   
177 2832 0.03867197456179624 1.5024836866629785 -204.76648698271546 -2.0476648698271546e+02 -204.3436389967151 -203.92202140913852   
178 2848 0.03815809341586276 1.5024154603930215 -204.76648698271546 -2.0455599966762168e+02 -204.35582022265027 -203.8232050009192   
179 2864 0.03759526453211497 1.5030817648298416 -204.76648698271546 -2.0465868756782899e+02 -204.22600953177135 -203.873731356887   
180 2880 0.03714366266407825 1.50294407022262 -204.76648698271546 -2.0471973529232795e+02 -204.4538144864556 -203.91479235617646   
181 2896 0.03669793118588115 1.501228986749104 -204.78907432955432 -2.0478907432955432e+02 -204.48787122108916 -204.01804426862512   
182 2912 0.036337984874382494 1.501106073370249 -204.82624780029926 -2.0482624780029926e+02 -204.52402931066305 -204.3187533665332   
183 2928 0.03591507016507842 1.50159210896585 -204.82624780029926 -2.0479638026191046e+02 -204.58722798664473 -204.1803516370017   
184 2944 0.03521110680218186 1.5003785245840502 -204.99999922871137 -2.0499999922871137e+02 -204.70233422102473 -204.32586161723793   
185 2960 0.03460938309950464 1.5020169835713255 -204.99999922871137 -2.0499837907512733e+02 -204.5394437464399 -204.3403542589039   
186 2976 0.034038677342954266 1.5053525463485784 -205.06756830892184 -2.0506756830892184e+02 -204.67950147196467 -204.4936913624713   
187 2992 0.03347644204639972 1.5066003482015125 -205.06756830892184 -2.0491796569945592e+02 -204.68255281835658 -204.4864575275512   
188 3008 0.032719235958325356 1.5062977659541859 -205.06756830892184 -2.0502266041008482e+02 -204.7333365136648 -204.39796538238417   
189 3024 0.03190153197704447 1.5076368488578318 -205.2293388005275 -2.0522933880052750e+02 -204.85133547961567 -204.5076197107042   
190 3040 0.03128535406864911 1.508601278415173 -205.2293388005275 -2.0503072531735341e+02 -204.83885625681776 -204.41403670388038   
191 3056 0.030548795978176464 1.509594597996452 -205.2452332913399 -2.0524523329133990e+02 -204.97798167092313 -204.78221621254565   
192 3072 0.029774532440966745 1.5084564514363579 -205.2452332913399 -2.0520182000176962e+02 -205.00200617173056 -204.8079863126084   
193 3088 0.028835003452435195 1.5087403910833332 -205.3882748558712 -2.0538827485587120e+02 -204.9998319171354 -204.8332766390185   
194 3104 0.027985624632513056 1.5087164904638808 -205.3882748558712 -2.0528542037963240e+02 -205.1801682562023 -204.8740640835229   
195 3120 0.02741012722331844 1.510475584728712 -205.3882748558712 -2.0531794525455166e+02 -205.22155433819384 -205.05364627224094   
196 3136 0.026889123877671194 1.5110279644056492 -205.41231994579695 -2.0541231994579695e+02 -205.25876864775202 -205.10333747397985   
197 3152 0.02648439081814165 1.5105505174376592 -205.42458847950516 -2.0542458847950516e+02 -205.25604874701475 -205.0252769433108   
198 3168 0.026148024101311784 1.511215381637364 -205.47954835210004 -2.0547954835210004e+02 -205.27489567091862 -204.82725673138262   
199 3184 0.026051204465198985 1.509719160029121 -205.49291727852196 -2.0549291727852196e+02 -205.39341909975084 -205.11208690887992   
200 3200 0.02598918920631864 1.5099597250329209 -205.50275964506812 -2.0550275964506812e+02 -205.40412945190747 -205.22902555079344   
201 3216 0.025984267799319255 1.5143554767035234 -205.54047589660152 -2.0554047589660152e+02 -205.38115640275822 -205.15972913569237   
202 3232 0.025887527366211933 1.5142600948867275 -205.62866651378792 -2.0562866651378792e+02 -205.358649293873 -205.13514370078704   
203 3248 0.025751802806658904 1.5154546045137995 -205.62866651378792 -2.0562784402044275e+02 -205.4712687510205 -205.295275150465   
204 3264 0.025679561110496706 1.5159909676666046 -205.62866651378792 -2.0562365665476159e+02 -205.46243634062708 -205.34980742184362   
205 3280 0.02546925126312673 1.5159781806130241 -205.661234762524 -2.0566123476252400e+02 -205.52837058964326 -205.36839548747116   
206 3296 0.025289897074898263 1.5141931668423443 -205.661234762524 -2.0565098287930894e+02 -205.54047365266746 -205.38222018383883   
207 3312 0.024979800736043205 1.5155763397117576 -205.66806678905476 -2.0566806678905476e+02 -205.5204113276738 -205.31032178412386   
208 3328 0.024785301049137697 1.5143891341352596 -205.73452144685032 -2.0573452144685032e+02 -205.50818688946111 -205.29881362883668   
209 3344 0.02454706589980969 1.5160826984614402 -205.74301858155772 -2.0574301858155772e+02 -205.5109669883939 -205.35170597736837   
210 3360 0.024259140830589946 1.5144150962844873 -205.74301858155772 -2.0573494486769829e+02 -205.5956543699789 -205.44378433998293   
211 3376 0.023863008770929083 1.5139752305824377 -205.7789863680927 -2.0577898636809269e+02 -205.62887168322888 -205.5198417918062   
212 3392 0.023340921690475146 1.5140995555368193 -205.79606764323367 -2.0579606764323367e+02 -205.61785842589217 -205.51234364313294   
213 3408 0.0227785756915974 1.5137849788338902 -205.82639550635798 -2.0582639550635798e+02 -205.6607618841615 -205.40625427204162   
214 3424 0.02228200615034798 1.5127072702059141 -205.903672487148 -2.0590367248714799e+02 -205.6773259333733 -205.57957535452914   
215 3440 0.021803268595397315 1.514938871965977 -205.903672487148 -2.0585433718157105e+02 -205.70098953904917 -205.59817952823101   
216 3456 0.021494549063747627 1.5161265576940333 -205.903672487148 -2.0589274463734395e+02 -205.74312003706586 -205.60634164502662   
217 3472 0.02106230428325057 1.516583568897084 -205.903672487148 -2.0590039341387745e+02 -205.78648805815817 -205.66957413135526   
218 3488 0.020578656329995296 1.5184004685298893 -205.903672487148 -2.0590249694301252e+02 -205.83291473499685 -205.68078936373016   
219 3504 0.020069429681281073 1.5198756616456335 -205.91637099166616 -2.0591637099166616e+02 -205.79459934003611 -205.68268558554263   
220 3520 0.0196977761596142 1.5227113202231621 -205.95646244728428 -2.0595646244728428e+02 -205.82897493539497 -205.74406401413648   
221 3536 0.019409824925768822 1.5256013988144241 -205.95646244728428 -2.0594498687896422e+02 -205.85218409323986 -205.7170447925008   
222 3552 0.0190844869893085 1.524435684014973 -205.95646244728428 -2.0595431295969729e+02 -205.83188144113134 -205.74227178956042   
223 3568 0.01876981328422271 1.527101409607575 -205.97245713949997 -2.0597245713949997e+02 -205.87019519701468 -205.762932058221   
224 3584 0.018276232547204438 1.5289846012756496 -205.9809786432426 -2.0598097864324259e+02 -205.8571894532227 -205.78225526188535   
225 3600 0.017793916247043916 1.531073076599112 -206.00623043836566 -2.0600623043836566e+02 -205.93470052416657 -205.82154243412518   
226 3616 0.01734847182906578 1.5301205240894995 -206.0420806103683 -2.0604208061036829e+02 -205.95519233303332 -205.86345714897638   
227 3632 0.016984976843798908 1.529464215062431 -206.0420806103683 -2.0600587035975423e+02 -205.95398419269318 -205.87715575556194   
228 3648 0.016609541343145063 1.5340571607441322 -206.04749942032893 -2.0604749942032893e+02 -205.95217907599104 -205.86695458071978   
229 3664 0.01622992776955693 1.5366430191138611 -206.05251631296701 -2.0605251631296701e+02 -205.9688188116462 -205.91299782723453   
230 3680 0.01596813044474437 1.5395793155639934 -206.05251631296701 -2.0602907518156138e+02 -205.9870478682214 -205.88363465195806   
231 3696 0.015660635630378963 1.5394710247327241 -206.05251631296701 -2.0605034455534545e+02 -205.98173424491299 -205.92325011516022   
232 3712 0.0154040945917694 1.5432372013842977 -206.0632954833521 -2.0606329548335211e+02 -205.99023930976315 -205.929749573939   
233 3728 0.015117556997882359 1.5439554935273978 -206.0657843642063 -2.0606578436420631e+02 -206.01100884050592 -205.9596201730007   
234 3744 0.014902992202344024 1.5455838966020639 -206.09940435936556 -2.0609940435936556e+02 -206.04151469516708 -205.92658143536417   
235 3760 0.014738836807478043 1.5477276371319095 -206.09940435936556 -2.0609731739778920e+02 -206.0490460376218 -205.95329655725692   
236 3776 0.014637989500183796 1.5482249401152537 -206.09940435936556 -2.0609199124187808e+02 -206.0627887876975 -206.01119535331904   
237 3792 0.014510581577697584 1.5509987743374345 -206.1008770720457 -2.0610087707204571e+02 -206.07156710509528 -206.01967469474732   
238 3808 0.014380328479650997 1.5528599900821072 -206.13609830437835 -2.0613609830437835e+02 -206.0580580709343 -205.99318692716793   
239 3824 0.014248807012875364 1.5553703506079535 -206.13609830437835 -2.0611322459472439e+02 -206.07621837851056 -206.03258552524403   
240 3840 0.014244459097765314 1.5569673994160464 -206.15706256044774 -2.0615706256044774e+02 -206.06996698334206 -205.9924258708818   
241 3856 0.014174378118778605 1.558413124366722 -206.16882391390257 -2.0616882391390257e+02 -206.0779987221171 -206.0414463420877   
242 3872 0.01408059089341928 1.5600938995742892 -206.16882391390257 -2.0615052498339443e+02 -206.11476761534934 -206.05794233406885   
243 3888 0.013997350285546654 1.5617268552353594 -206.17793997819774 -2.0617793997819774e+02 -206.12038801069986 -206.0797278420578   
244 3904 0.013877128927713474 1.5637481549314411 -206.203495232262 -2.0620349523226199e+02 -206.14548034451528 -206.0905851163486   
245 3920 0.013789316204694233 1.5624545766214557 -206.20689298352542 -2.0620689298352542e+02 -206.1418230135046 -206.0939139089306   
246 3936 0.013644573343248765 1.5594790650055157 -206.20940196652123 -2.0620940196652123e+02 -206.16011810720786 -206.09998172394216   
247 3952 0.013511153122082896 1.5607652914181525 -206.20940196652123 -2.0620863960454670e+02 -206.1767458669076 -206.112743026677   
248 3968 0.013429866264368305 1.5625570036483616 -206.24341883214572 -2.0624341883214572e+02 -206.19034958535565 -206.1192012718174   
249 3984 0.013367883022236437 1.5653813532931498 -206.2512165320092 -2.0625121653200921e+02 -206.20166835318474 -206.15990476824993   
250 4000 0.013369193871790743 1.5693398242287258 -206.27549425208176 -2.0627549425208176e+02 -206.21867333136146 -206.15636069013692   
251 4016 0.013456755450509944 1.5725296099807071 -206.27549425208176 -2.0627499952481600e+02 -206.224969524023 -206.16713638989148   
252 4032 0.013495306010728602 1.5730071768437075 -206.28898332093465 -2.0628898332093465e+02 -206.23381155991882 -206.16832243913765   
253 4048 0.01360788123297601 1.5753039111327747 -206.32701775749345 -2.0632701775749345e+02 -206.2791764733572 -206.20644451805   
254 4064 0.013723240147453259 1.5804134051732106 -206.3535549900245 -2.0635355499002449e+02 -206.28662176517446 -206.27098429319926   
255 4080 0.013853001853863508 1.5836816681942203 -206.3535549900245 -2.0633757683492999e+02 -206.30113240076298 -206.22744207822757   
256 4096 0.01405378456421635 1.588976002960825 -206.35362486343556 -2.0635362486343556e+02 -206.29425874086942 -206.24406462466055   
257 4112 0.014235974412861868 1.5967331466056367 -206.3555613046045 -2.0635556130460449e+02 -206.29604244688716 -206.25904568976756   
258 4128 0.014345529372081441 1.6035529399780992 -206.368846455343 -2.0636884645534300e+02 -206.3181961917909 -206.2459986389456   
259 4144 0.014523730733928606 1.6139523109758869 -206.3940418749669 -2.0639404187496689e+02 -206.32775925385886 -206.3026264924351   
260 4160 0.014723190704626913 1.6259051808839908 -206.3940418749669 -2.0638813488136276e+02 -206.32918816938815 -206.2518963424909   
261 4176 0.014885492641213083 1.6417751396165368 -206.42510915103605 -2.0642510915103605e+02 -206.3560708502951 -206.2902971049428   
262 4192 0.015026096684398303 1.6588972090930936 -206.42510915103605 -2.0641340214432819e+02 -206.36592069186884 -206.262427110903   
263 4208 0.015150553360121348 1.6745379138104521 -206.43023594394626 -2.0643023594394626e+02 -206.373480531006 -206.3127441375066   
264 4224 0.015445817737020051 1.6883850559558493 -206.47468901354023 -2.0647468901354023e+02 -206.35648567554387 -206.3153764512257   
265 4240 0.015829029419258445 1.7064064670556098 -206.53261878152267 -2.0653261878152267e+02 -206.40871948440855 -206.29259146806265   
266 4256 0.016215114088611426 1.7249241117090282 -206.55752408274833 -2.0655752408274833e+02 -206.45216768880195 -206.3405222040083   
267 4272 0.01667718006603176 1.741886259924284 -206.56979755104192 -2.0656979755104192e+02 -206.4669358399111 -206.38896642669502   
268 4288 0.017156498233232776 1.7670910332436351 -206.6062608803057 -2.0660626088030571e+02 -206.5048410807452 -206.4153424052724   
269 4304 0.017702974618564328 1.7950611020416067 -206.6062608803057 -2.0660250097786940e+02 -206.5105724483122 -206.41820065835358   
270 4320 0.018088198768652666 1.8241905187358396 -206.6069693337684 -2.0660696933376840e+02 -206.51890938688823 -206.4407302793647   
271 4336 0.018607025158264064 1.850623433438234 -206.6229665155053 -2.0662296651550531e+02 -206.50463358548618 -206.42866637195394   
272 4352 0.01913512284811754 1.8768395848466641 -206.623280593834 -2.0662328059383401e+02 -206.4895388321524 -206.42874368781645   
273 4368 0.0197403216565779 1.9046744920948229 -206.72812957473167 -2.0672812957473167e+02 -206.54193821983833 -206.4312778893284   
274 4384 0.02007265588213883 1.93447565356702 -206.72812957473167 -2.0671709633960538e+02 -206.64144758033726 -206.49919626475946   
275 4400 0.02035168783457206 1.9621716428715912 -206.76369334434543 -2.0676369334434543e+02 -206.62435337098907 -206.47830976598357   
276 4416 0.020745162387319015 1.9872171547315445 -206.9071629092647 -2.0690716290926471e+02 -206.65768366616123 -206.5608747416619   
277 4432 0.021091165064875583 2.0210549288617856 -206.9071629092647 -2.0682253176425473e+02 -206.77371369970828 -206.67614503829492   
278 4448 0.021572796973709382 2.053895065798621 -206.9071629092647 -2.0685415966633335e+02 -206.73202241019342 -206.61031595424117   
279 4464 0.022103311975769636 2.085683950549217 -206.9071629092647 -2.0690244678369717e+02 -206.74827893682516 -206.61691292824977   
280 4480 0.022677404552947457 2.122514956196737 -206.9176857210846 -2.0691768572108461e+02 -206.7720295467074 -206.66859254221865   
281 4496 0.02325643183369253 2.156683171975466 -206.96502726905314 -2.0696502726905314e+02 -206.83366913272988 -206.7507647812391   
282 4512 0.023835937773234336 2.194587591052209 -206.96502726905314 -2.0693956678940830e+02 -206.7906673452227 -206.60888941204547   
283 4528 0.024318204610788284 2.2255314931174945 -206.96502726905314 -2.0694353774787848e+02 -206.77917686189377 -206.6244762577074   
284 4544 0.024797373934644398 2.2583609947698826 -206.96502726905314 -2.0692584463631852e+02 -206.78496263123137 -206.6448427242801   
285 4560 0.024949371978652015 2.283997677337581 -206.96502726905314 -2.0696137947650155e+02 -206.81037100987072 -206.64568357879185   
286 4576 0.025070800148666417 2.308390669390217 -206.99374665568996 -2.0699374665568996e+02 -206.77952402990593 -206.53465259585718   
287 4592 0.024992171901988172 2.329360997862587 -206.99374665568996 -2.0697276219340233e+02 -206.78271710160607 -206.62295377591602   
288 4608 0.024717026516030464 2.3459759744579483 -206.99374665568996 -2.0694916673681763e+02 -206.82103605935774 -206.64469472888558   
289 4624 0.024375102525396385 2.3584783603514143 -206.99374665568996 -2.0696084933910802e+02 -206.82132777421828 -206.58787223679508   
290 4640 0.02391848360334523 2.370420028647744 -207.00890775405867 -2.0700890775405867e+02 -206.8703924029632 -206.58377106118832   
291 4656 0.02341939364163769 2.382736137344192 -207.01245569818946 -2.0701245569818946e+02 -206.8688425478175 -206.68106851651154   
292 4672 0.022915794433027617 2.3950517195064758 -207.04343783253358 -2.0704343783253358e+02 -206.9477499715105 -206.8062646791173   
293 4688 0.02249900027561365 2.404559530236989 -207.12096635235082 -2.0712096635235082e+02 -206.9938055639769 -206.84452788691283   
294 4704 0.022127186039799785 2.4133114522317936 -207.1411635375377 -2.0714116353753769e+02 -206.9839518850947 -206.85434431590215   
295 4720 0.02178126800472482 2.4210955105459644 -207.1411635375377 -2.0709311420477337e+02 -207.01759058418128 -206.88127426587167   
296 4736 0.0214803363622504 2.430345357949091 -207.1411635375377 -2.0712469871375262e+02 -207.00680473423807 -206.91668920268253   
297 4752 0.021205401718173107 2.4385775458203143 -207.1411635375377 -2.0707829365670364e+02 -207.00993053552853 -206.92599045875556   
298 4768 0.020899254324551364 2.4463962145256315 -207.1411635375377 -2.0707721116155520e+02 -207.00401299357415 -206.8749860521116   
299 4784 0.020599919928310756 2.4574894707622765 -207.1411635375377 -2.0711545940682007e+02 -207.01251618512578 -206.87878815374992   
300 4800 0.020298756958648915 2.4634725602709855 -207.1411635375377 -2.0708848916965101e+02 -207.01910982525004 -206.92626305873148   
301 4816 0.0198665466942042 2.468847655398661 -207.15152214095053 -2.0715152214095053e+02 -206.98684611865477 -206.90906600606127   
302 4832 0.019429232026429995 2.4712080681791213 -207.15741220215014 -2.0715741220215014e+02 -207.042871205373 -206.956578407357   
303 4848 0.018938717834102867 2.4676024736695035 -207.15741220215014 -2.0715701487395552e+02 -207.010539058011 -206.9470488037891   
304 4864 0.018404563405654516 2.472018080288795 -207.17331210158494 -2.0717331210158494e+02 -207.0809712578127 -206.98829601480895   
305 4880 0.01796190603753474 2.4783827499336097 -207.18578369986727 -2.0718578369986727e+02 -207.11244682920886 -206.9712297517986   
306 4896 0.017515132747764547 2.4833917978544706 -207.26812821400657 -2.0726812821400657e+02 -207.13124798341903 -207.07355029386414   
307 4912 0.017200223903356293 2.484646287524742 -207.26812821400657 -2.0721781401583766e+02 -207.1720860315609 -207.12602242062965   
308 4928 0.016901348160169045 2.486744622958259 -207.26812821400657 -2.0722389006548914e+02 -207.15923925341212 -207.09629380228927   
309 4944 0.01654452503239435 2.482489874660249 -207.26812821400657 -2.0721612006647555e+02 -207.14665358677829 -207.08189851425286   
310 4960 0.016185973996115502 2.4810907928222643 -207.26812821400657 -2.0724118105740141e+02 -207.1867829018231 -207.1435862360628   
311 4976 0.015864959374088303 2.487490327023485 -207.26812821400657 -2.0724003855287469e+02 -207.1801070259763 -207.100454290733   
312 4992 0.015595534393975716 2.4933789739547576 -207.26812821400657 -2.0726084846491747e+02 -207.19143015228065 -207.1391605751266   
313 5008 0.015339626875660988 2.495762390283929 -207.28835556119301 -2.0728835556119301e+02 -207.21171478887175 -207.15779621543004   
314 5024 0.014979947875975211 2.499183172228869 -207.28835556119301 -2.0728525795050996e+02 -207.2333387559907 -207.1122831902318   
315 5040 0.01470443571376251 2.4961760192234816 -207.28835556119301 -2.0728209783479616e+02 -207.22045280477843 -207.18710699358056   
316 5056 0.014321147928100113 2.4974147100530324 -207.28835556119301 -2.0728821081030424e+02 -207.20704686875575 -207.16279952103852   
317 5072 0.013951842387610833 2.501383846917648 -207.31896782640806 -2.0731896782640806e+02 -207.22202769035238 -207.15286689832672   
318 5088 0.013596601675387272 2.500359504648529 -207.31896782640806 -2.0730819242387810e+02 -207.23144833816914 -207.2012747618928   
319 5104 0.01318519464885531 2.5027288796502383 -207.31896782640806 -2.0729882298273668e+02 -207.264823525125 -207.1985876704387   
320 5120 0.012846733229832749 2.5046170750373946 -207.31896782640806 -2.0730772885134499e+02 -207.27628156808711 -207.22252923275101   
321 5136 0.01250903445499286 2.5040642881452553 -207.3208773802927 -2.0732087738029270e+02 -207.27560875732684 -207.2139368662092   
